1
1
1
2
1
2
1
3
1
1
1
1
4
1
1
2
1
1
4
1
1
2
5
3
1
3
1
1
1
1
1
1
1
1
6
3
7
8
1
7
3
7
7
5
7
4
3
8
3
4
7
1
1
8
9
1
1
1
1
3
1
3
1
9
9
4
1
1
1
1
1
1
1
1
1
1
1
1
1
1
1
9
1
1
1
2
5
1
9
9
1
1
1
2
1
9
1
1
1
7
1
9
1
9
8
8
2
1
1
3
1
1
1
3
1
5
5
7
9
9
1
9
9
8
9
5
9
9
9
9
9
9
9
9
10
9
7
10
9
9
9
9
9
9
9
8
9
9
9
9
2
9
9
9
5
6
9
9
9
7
9
9
9
9
9
9
9
5
9
9
7
9
9
9
9
9
3
5
9
9
9
9
9
9
9
9
9
9
9
9
9
9
7
9
1
9
9
5
3
9
9
7
9
2
9
5
9
9
9
9
9
9
5
1
1
9
9
9
9
3
5
9
9
9
9
9
5
10
10
10
10
10
11
10
10
10
9
11
11
6
9
10
10
10
7
2
11
11
11
10
10
10
5
9
11
10
7
10
10
10
2
10
10
5
2
5
2
2
2
10
12
10
11
10
2
11
11
10
2
10
10
6
7
10
10
10
11
7
11
5
11
10
10
2
9
10
5
7
10
10
10
8
2
10
10
12
9
10
11
2
10
11
10
2
5
8
11
8
5
11
11
11
11
11
11
7
11
6
11
3
4
12
11
4
11
7
11
11
11
7
12
11
10
11
4
11
7
11
11
6
11
11
11
5
11
11
10
7
3
11
6
5
11
11
11
11
12
1
10
11
11
11
2
10
11
11
11
11
11
5
11
2
11
11
5
11
11
11
11
11
11
10
9
2
10
1
10
10
5
11
10
11
11
6
11
11
10
5
11
12
1
2
11
11
10
2
11
10
11
11
11
2
12
7
8
8
7
8
12
5
12
8
5
12
10
11
11
5
11
11
11
11
5
11
11
11
10
8
12
11
4
11
12
11
11
5
11
11
7
7
6
5
11
11
11
11
10
11
8
11
11
11
4
11
11
11
11
11
10
10
3
4
11
6
2
8
7
12
11
12
7
11
11
10
11
3
11
11
11
10
11
11
11
11
7
10
8
11
2
12
11
7
11
11
11
10
10
11
11
11
11
11
11
