5580.42198490949
4512.31185498424
5005.00442732177
3252.50057578727
4632.98096333562
4821.34297111103
5258.00642353783
5244.32428731626
4171.96047181577
4486.53936788478
5002.91325810504
4799.393074883
2566.01010811265
4785.60344025496
5226.4945487857
3398.95338240078
4001.63711568822
4113.15381905034
3167.1328214296
3001.21695062631
4879.71460528167
4902.49406136562
2915.18253260904
4517.14672007519
4412.75275791729
2981.9225033174
4372.22700591533
3436.04635148632
5323.2234662234
4147.22704624055
4555.11282518163
4974.44476973805
4550.17780474548
3672.76827653594
2096.08613489655
5296.25372812807
3547.63480338412
2511.00906526146
1171.75267642038
3202.06082853468
3676.06661869938
2629.24384918779
2842.21172113615
2708.03324315299
4116.35371266691
2401.53375448878
4679.03672015913
3649.24261521375
4884.22160900581
2289.05988309087
3004.85161631895
3360.41305534921
4192.93560271176
4274.00367957151
5264.55263471749
4588.12227443396
4903.45317905058
4654.63191704342
4627.6057649153
5116.69337796251
5093.92512400697
4565.89608818349
4731.56332515449
4863.75805925152
5376.27930132928
3994.60728174988
5475.62536715749
5155.97622306153
4505.77607749211
3943.96206901163
4379.32752634648
5590.57833418242
4746.00606566166
5184.00339304641
4399.82027138951
3756.784372429
4674.37010996644
2299.18959607251
4281.68532585057
4698.57010193283
4571.50355133395
4897.96669391868
4489.72886830402
2982.26364477524
4520.2255629353
4639.91062966733
2932.33294017386
3816.24217185922
4871.71244581145
4791.72963893124
3679.31272044746
4148.10411395676
4831.18967980351
3305.21731226
3125.42358266782
4738.69767763376
5081.20658979369
4794.24782817871
3231.96371043207
3142.32749357304
4807.83311234477
4687.57846744014
5056.54017046595
4824.1443566674
3473.13759930617
3594.04027792326
4772.04462531357
4888.56361271148
4242.91560025979
4112.75173244529
4139.47508196708
4653.91255040246
5144.22384357473
4339.72400925926
5071.53125554069
2503.55447475429
2219.36757565795
4058.53855391745
5227.56348119028
5608.63097883401
4222.71057341664
3977.40436837437
4656.72920765845
3425.8197237687
5097.8281721255
3622.86647824621
4799.39747913718
5303.78899858038
4447.59157155688
4668.09408965987
4815.22060856943
5039.71435306276
4283.96643160868
5015.55212791798
5138.41817434324
5066.72483223488
3640.74182969781
4719.32681467758
5190.94388489837
5036.87682030995
5064.51411232175
5202.69982995828
3810.62697579905
4639.20714114844
5105.59965552758
4149.03965497146
5189.09807176502
4999.22995036994
4568.04214236913
4215.2815061454
4663.99722142542
5202.78994490999
4501.80577765807
4504.69868546879
3283.74919456564
3171.9720989582
4773.3586195904
4821.28370518113
4696.20091624727
3057.10851359666
4205.24111436228
4997.27755276877
3876.69544871002
4597.85947107557
2919.14731726202
4371.19275487123
4789.50125980541
1835.93602461167
4544.59993465519
4850.30695172563
3842.53850871317
5076.692177921
5129.86735403177
4621.04314560457
4956.76856492179
3663.75090315831
4664.30707808514
2867.63603872114
4904.36738921457
4519.46301630909
3523.47213795258
3912.6064643093
3199.83324901471
4163.39327523213
3867.33298942729
4352.87404877342
4277.76515911031
4420.15135798594
4610.8722124005
4420.55328727223
3336.05359583947
5164.70099259978
3447.09243016451
4842.23894248557
3501.42297828133
5084.79753234578
4059.18263191721
2354.17166301434
4730.87724352281
4965.72483258317
5344.19124794649
3868.26429914182
4140.56314421815
5068.35601782488
4895.92860085456
3772.70219028314
4813.88483878568
5590.41495175507
4879.35814779553
3384.35600296976
4614.52599163571
5391.7945917621
2366.2481829234
4116.87811976795
3243.19014010921
4885.4509577995
5159.67720365649
5004.59402138013
5270.88594204771
4936.34032377289
3625.92382672537
5047.21481072758
4088.87661150591
5223.98702087785
5429.08628170163
3860.37336586682
3971.26453045856
4661.30493113406
4794.9234440752
4668.61908032048
5481.50838986138
5190.58583686713
4578.4962158597
4587.26183687281
4845.93135364611
5225.6989938424
5385.5494798045
4856.04019602074
5061.43500863947
3103.27530389882
5073.86188537961
5260.32034741349
5079.81175788285
5330.25648061931
2704.05978944361
4601.31872261582
5075.66925547785
4963.45787654569
4290.69660404406
5582.28579044341
5321.80711763274
5472.28517569247
4856.90919557815
4729.56045447464
5399.1196176923
5055.49464722907
3349.30476131495
5073.383465978
5196.86490555911
5662.86110358468
4775.41270940118
5027.91542562464
5532.3877596635
2689.74524365068
5091.70494886469
4107.59675777014
5488.18078858489
5401.86800138726
5461.79007893593
5630.78273017771
4926.65836028484
5394.03600195822
5275.11914685533
4938.27640391221
5289.87110963074
4674.78164603537
5456.55274643565
5303.44927220829
4360.76554407592
5403.64873903246
5280.18482498008
3785.01647638999
3856.26128442325
4955.58567385232
4814.37536288557
5370.49367961
4186.12447650728
2694.81000928932
4936.75440488581
3686.28825247268
4574.5389591413
4061.16778597017
4909.75510298918
4953.15697185209
5091.92027480528
5037.55397108263
2704.81761504881
4120.60088390018
4983.64213296008
4837.02916858101
5230.03708072878
3199.397147713
5175.34139265659
5093.68157533369
5425.29470602082
3644.26175747588
5002.74486289641
4909.78692376155
4982.84596192245
5008.57835901496
5403.51008132297
5158.94658688844
5277.92184404316
4442.12756408096
3041.44591007586
4502.4267040486
5166.13275674743
4107.0869275717
1849.85223396144
5238.85016720791
4832.67836818591
4604.71085887535
4760.75730057818
4702.95096775323
5226.39060231777
3681.03023448819
4958.99028289374
3296.90672629101
5192.6823963877
5190.12049476058
2751.98693779073
4187.09100132766
5035.1424347953
2539.5999255302
3955.22159843591
4291.34230960701
5069.73335984699
4780.3493913719
4807.74034957265
3221.82553768521
4281.81377267322
3948.2522737739
5360.54543650845
5181.60835098291
2133.58421983911
4731.60472189501
4631.0681468945
3764.77499368811
5312.06642580785
3163.8988571868
4628.06222233856
4462.32065275917
4863.22625242704
2283.14112552955
5186.56396680914
4990.06235007327
4714.48672311715
3178.61171453631
4988.59397984733
4892.97764523026
2310.23505172371
3964.74138281996
4227.44730465016
4758.18054662175
4524.33251062068
5232.69623929016
4294.31781389149
4937.79024877532
5442.00917423351
4820.64014622271
4425.85402189276
4572.24653041537
4999.13291572164
4710.46704966022
4984.12788889064
4459.67889665645
4771.7829693933
4921.05729834214
4427.19368936454
3196.10777194448
5153.83894864559
5372.81453995469
5248.56972698123
5166.21244969827
3025.91940731667
4565.63765560842
5205.42303960903
5331.07804778286
5351.9641698912
5049.18907785313
5109.96260832185
5167.71984094907
4794.19399408918
5426.899095503
5670.22815941734
4568.4109689562
4824.16161355793
5382.29425935761
2505.43412202293
4877.65070888635
5651.89730129204
4586.66193995749
4694.3414835337
2921.32594980855
4422.55944343304
4567.11340842623
4509.60068061685
3329.37646300624
4725.12519802416
5363.27166377261
5474.27730980452
5163.77142584187
4740.97410251612
4782.05592443643
5367.05134428633
5324.22888950098
5548.73010491539
5455.12290047907
5077.94891378549
5121.88134692312
4788.30247190996
5696.1528410782
4292.74184048053
3423.48268418378
3984.79021876745
3845.31537450664
3001.59722985285
3327.82882841824
4401.92058536076
4314.1080278826
4533.2072540992
3680.69585314826
1759.87620309859
4725.05664614679
5265.89181141777
3637.16676412005
4545.52039442503
3956.40550274144
5293.05521624675
5158.72033916284
5280.10122086727
4043.427349314
3231.22743892255
5265.11500707568
4158.10264312974
5638.45734636517
2938.93107253911
4323.56240380994
2067.53645128408
5332.6522120191
2800.09159072021
5173.77787108239
4358.28773018057
5353.17036583619
5293.55137665118
3756.18095047304
5116.61144969524
4854.57192130379
3698.36375612566
3785.78157066607
3920.64082453615
3769.38888126535
4541.70443057992
5076.26440327331
4323.82578727191
4283.15436491301
5677.38710107346
3558.35322505992
2646.35334288038
4239.44896877751
5026.98066693055
5117.00744656228
2807.45899652657
4948.55697989909
3930.25051375742
4493.43700763585
5148.19920791395
4222.26199050598
5546.45508478761
4390.20629320553
5604.323613728
2661.78800483381
5518.51520769705
2714.02562485715
5797.51350211602
3560.93413669069
3608.89016466284
4034.72535717236
5397.76864933158
3535.1702588373
2987.08505919948
5160.96520718487
5376.40753280919
5465.04982232988
5080.9622001621
4763.62938160967
4179.47135641875
4286.93401207186
4924.34412190655
5476.58437616396
5512.73423098995
992.160293539731
5015.27762190753
5286.51708256655
3410.59144835596
5024.14608451399
4769.69834745521
5098.32795864001
4812.01545144485
5020.95116025158
5118.44153707438
4085.97974627718
5320.06111003972
5043.07350825926
5403.27272446567
4952.34868237716
5036.40794907713
5160.52633943528
3798.35878689816
4711.02515798951
4964.75684381774
5004.77223955589
5237.53743596441
