-1.09397403579325 15.5488637646443
-1.37576386052892 17.8027993321293
-2.42459958381659 16.5715394668871
-19.6054623110065 1.35246269287033
-0.815913071143029 18.0486302446806
-16.7108005862823 2.44244325062789
-1.00947147922559 16.3127664938953
-17.8586962958796 2.03163256966269
0.481577617814217 19.5530408249984
-1.8323401919373 16.7394332459747
-0.0361549531359593 16.9099773042935
-1.94746698431723 17.8658919905034
0.792784871030314 4.48728760611116
-1.75510679722589 14.2755360617465
-1.78045276494355 14.7728359851654
-19.7586398983454 1.83563598202138
-1.71106512476354 13.3043128968742
-0.806237686836859 18.5704923337033
0.610734263324645 4.90105773143326
3.26880067994677 17.6206060546976
-0.0587134876251554 17.9896981516769
-18.8757284409405 2.9258562180951
-6.44562224839483 -5.05580080880538
-19.3058542941655 2.78014891769059
1.31504367315684 14.512030494562
-19.8812132657124 2.20284533901303
-0.691664514406185 19.4863698802473
-0.0351067372213656 19.755479215184
-1.98408277999111 15.2753918863113
-0.503636392045099 17.4218260142506
-0.359904006847806 15.1645350640658
-1.59005071842045 17.3865208012175
1.00618642602642 18.9721902346945
-0.550412956154855 19.1761461895068
-4.8786585275827 -2.99126877035077
-17.0557735955794 2.06886305634431
2.6021641310359 -8.51854574709099
-0.744496097689726 -1.42930946454415
0.298007114091345 15.1340645863002
1.88391258664081 -3.4106183680476
-19.0071469901425 2.55215689544323
4.04703293130242 -8.04911242256374
4.09068770666794 -9.15561446440253
-6.87827009751026 -5.2094706038559
3.07293646979538 -8.031405682297
0.7819149902714 3.92355861970557
-17.372464222391 2.29313656760551
1.36442662522842 -2.64360635995264
-18.2728840812805 2.18279174145938
0.888425389832918 5.15770834298451
4.34941405184978 -7.52018383206881
-1.96981012106939 18.8546690474067
-0.959590412779225 17.6115088552357
0.807041522966028 -2.16873236608025
2.23268877620348 14.7137910756067
2.68527752004396 16.7602569984783
-0.801148431962382 14.5318152429867
0.775432047214288 18.334508304818
1.04202072254536 15.6973976770103
-18.511005256034 2.25656171342336
-0.249993046787612 16.7440914779224
-18.3434690326408 -0.12562182590846
1.35004933805006 17.1268343780546
4.2792410173868 14.3276946123966
3.19200171995313 10.3053895693163
1.24547469628639 4.85395306675785
-0.515324391848779 15.7850643285303
0.703462534212207 16.5004477508403
-1.34409334215027 18.9084497909401
1.12468109679061 20
2.14964947992281 19.3080778720718
-1.04416234243008 15.2158629573393
1.60308770168829 19.6695257376401
-0.795684334985868 16.6150329782658
-0.627333717086376 17.7771317462488
1.79302622797553 19.4255617571116
0.0678554281553509 19.3831845837407
0.200410103752802 15.5089549083191
-0.16351631423413 17.6805898891332
-2.24263489638037 17.4402442266625
-0.324517593189412 18.5008990762538
2.65428640297526 14.6302267615579
1.39614964254073 16.563282932722
4.20653393203862 18.5635623038702
-1.1289398893505 17.1859420645673
-19.0776318623008 1.92602194467666
-8.8389717835108 -6.2527153115427
1.77212986118729 19.7003010020663
3.25923515531007 8.22539893339629
2.20192613540389 15.1395962367381
-0.313762377038927 19.513272989367
1.35651743981642 17.7417118970389
-0.594247077999416 19.8751266306088
-20 1.89630126484154
1.1873824760489 19.5302919125727
1.60676748884686 15.4141671666713
-1.25695847511727 15.9241116423576
0.210325336964672 18.7227573806821
1.12930938316456 18.158124170157
4.54010428098409 -7.64308837061332
0.72001608912862 17.6393572579088
0.858798846997182 14.5086041466099
-1.31846851738341 16.0607188432779
3.39957985951963 15.0061251540841
-0.730204787643999 -4.82129067362225
0.283269769238519 -1.35754357860024
-19.0118598107458 3.19431219505964
-0.264134351756706 14.7693304836626
-0.967139568948337 13.6454783474406
-19.8529308832269 1.15281196336596
-0.785905914592181 18.6220249344354
-1.72501662042793 16.4109387321926
-2.29565913212777 15.8318340690581
-19.3105198046006 3.2822462172659
-2.17661947040234 15.5949893590356
-6.77973575446389 -6.59076738911597
-6.28457297691313 -4.33691552423626
1.93528011355281 -8.60972335897937
4.73702580515935 7.28687141636493
4.85843029293751 9.46414699747546
1.94662801465924 18.883692015987
8.19346438900251 16.8441188207005
7.34882503806463 15.3250657433189
0.242273688855242 -1.51618912961206
3.75737392440396 6.69881899021338
-6.44871833498037 -3.75508051850902
9.14682114179035 15.3215957244423
7.72545173423821 11.7682008646061
9.86007560653054 15.6026263119592
6.84020706671031 16.3149573186082
10.0460718936383 13.9210555282593
6.54339580865977 12.8311839203603
8.44948927808852 12.4773111405725
8.23557316814985 14.4268357993314
9.23669772405272 7.06171709439975
4.99316032646209 11.2547013027215
4.18783390569202 -8.00016823391974
9.18603763199987 11.6116815417314
7.30242149643506 10.9079605307927
3.60564589332499 14.9980460330499
5.97434592098814 8.95094357904765
5.23824746858033 14.6919383269444
6.66896927755947 15.4548884841545
7.8430179571669 14.0572105531487
7.13237783412627 14.5129366662456
0.562776992084011 -1.36520873566258
6.33363025617136 8.67925083598294
3.66639419639227 10.9982556260816
9.94975930887632 14.5778143736591
7.45801008273121 16.6547016445061
-17.3423858731351 2.67484637742981
6.08713973069779 13.9581712650377
9.60520663222764 13.0692732517314
7.64524826175469 14.0329213308231
-6.35305308069317 -6.35806231881256
-8.93930391294948 -6.72446319506896
6.0012494850133 13.0128558761307
7.96029076607155 13.3427023689508
9.75534363144753 14.7793365842408
3.63113174447271 -9.55998720951992
9.11905735153345 16.4993850916772
6.57413831989259 11.8535647846692
8.45016981666213 15.2429962486236
7.72668725747745 14.7733400204191
9.5577818278322 15.9884289062398
8.3568746198405 14.7921749262357
4.25413228286844 9.74432281762613
-5.54917371420294 -3.62533647631867
10.2180479943566 14.1570204511152
7.13071242522388 13.460506507437
4.06442806132657 -9.04056614321508
7.52009921965257 13.6879728864211
7.91458686904506 14.9166852810669
6.30158262116335 14.8802764673789
4.61704448912418 14.9941347558735
7.05915170164407 16.4232721291228
-18.5830040535753 2.40579458803426
-6.48041887711961 -4.40940016081273
6.3842716971002 14.4886001337518
9.43783144536856 15.5180375508061
8.89841637412579 13.1440633491975
9.9102425810608 14.2761019641433
9.10654745128334 16.7468946053894
8.53384876688786 12.2887200727002
5.61188953000697 17.4054485077486
10.0102917593011 15.167697566849
7.34331021912892 14.7312494374903
9.89466661798576 15.2726078648738
6.51411490868163 14.5987873351547
4.65723629664774 6.73145618270226
8.52960540872302 16.889602998388
4.45765334805746 13.1971899386743
4.43735478391162 -8.71425608546931
6.83020051122661 11.4186637887923
4.57483517586938 18.3774586590731
5.09866382121144 7.65902025060716
6.47935740182671 16.9185004130603
-5.64930022637205 -6.56100747368461
-19.2481486262918 0.956866893768407
5.54472273830045 13.7132237788968
6.66108121681994 10.9492322838869
4.15122311397823 -9.3805979693661
7.82369402797692 16.6601495923387
-17.2310231960141 0.195281680401944
3.09481810495468 16.3662952198018
-6.19989459938379 -6.49839155623636
6.25633317469504 13.2881046152047
4.10146896615622 13.9599290197492
3.14349947196706 14.039942341749
8.30891803095806 16.5359021728655
5.2725750897721 12.1198436978111
5.41665411293269 9.30538044161031
-7.06170071780307 -4.97028676993932
4.74933281757268 16.7760485867432
0.0803896658477683 12.8602496500541
2.74976742054967 13.5422011600303
6.28199894095363 9.90550492150321
4.68714405635478 13.9267054541177
6.66103072231348 10.2431967139493
-19.05694822068 1.36866801765432
-5.90600065007157 -3.6100334565218
3.80418847311993 13.6536384416474
7.01366342980734 15.724525509429
3.07337988889606 14.7862584257756
4.84936311723623 10.134745886701
4.25806698767619 17.1426478017817
-6.18245124938049 -5.53416028834019
11.0410229274941 9.92116868133274
10.0849699500232 10.7448787416995
9.57816159260329 10.4595215483179
5.06410465313867 8.47689796802454
10.1383185333662 8.14522002580781
18.5830416298826 -3.50460866041767
1.84649632794047 16.0276426670166
9.23772490058962 8.44933251654979
8.18645657033513 7.18905059253828
7.95075412793179 9.13925942911449
9.49107267102211 -2.54246131445043
5.82598805703655 -4.17391015926091
-8.37358802742088 -6.8759157808897
7.81335584641023 10.560642938736
11.0132755138339 4.97907242627847
12.4532387273069 3.13564633547855
11.498362135365 4.88593326203087
4.49282868558072 -8.57010473234
-19.3931724881004 1.47563198639468
5.82274367126987 -3.54110481595461
11.7031960577221 -1.54070807919681
15.8401536542364 -2.26529878809091
11.1197661534393 3.81577684333522
10.4306298665704 2.99835723126825
11.5548859588442 3.4874640798343
-4.73145976275247 -5.01958123579033
8.77041780419943 10.0884033024036
6.44984268044026 -3.32189906528474
8.59491982538158 4.4304681509438
3.92897131632382 -9.65618151886133
14.0540037436893 3.51203241509345
11.6787694539464 4.18412598151456
10.9995264511008 3.39038785095685
-18.4925397334539 1.66588368666205
9.93368567922405 5.04098301280535
12.0115455379524 3.35089887237462
-6.60495197722396 -5.81823055416509
-17.8412770558659 2.49873939392252
-5.79520660478008 -6.09188166525078
-17.5590009371895 0.795739151094232
-16.5123726426642 0.798574804301836
-17.4483515518355 1.66925976756045
8.46327655288053 4.93976051964795
-10.5228170945288 -17.1397594261468
10.4967376383576 1.08825951335899
12.0327741563186 -4.59806492337018
13.6136015760407 4.78922172517731
-16.9438431964397 1.08580666309905
7.90984038543744 -3.58997894915721
11.9437118548362 -2.44107471414704
8.52153356617618 7.57641374001197
-18.2380383227656 2.82877797057466
8.95891789097904 7.78408286067119
11.3949976061057 6.51331650298643
-8.61927518984565 -6.27171034408248
4.13021330514 -8.78415503939044
8.96331682681245 2.78317244685467
11.5233064215582 5.73720115420583
12.8554579499594 4.23945112909704
18.5936245505887 -4.35070734808291
4.39402981500724 -6.58989579024763
17.1516470157227 -1.39450692204834
-3.75788701116044 -4.12154144228662
5.6927171327866 -4.61937269528709
11.2237247892341 9.47502970088212
10.2092164596855 10.20121849267
-17.5167038271803 2.84816615516137
6.08338175666265 11.6571102209524
9.2439470975213 11.1494989553891
-6.14698863905694 -4.99280822963323
4.50914136805414 -8.62877752922941
10.3254584528095 4.5495993055306
10.9055466215564 10.0979681446821
12.677539874075 5.00933558087898
0.886713125667775 -1.00800286354274
-16.7915845181374 1.17616248826736
10.3774650650348 4.38774581805237
8.6404194698549 8.85344050668735
-10.3419485018073 -17.0111594711975
7.31291662038671 9.41988969982334
10.2057528094853 9.23214157177512
7.12275521885388 -1.95096138724269
-18.6129040798894 1.76747590423501
9.65539635203109 2.6597406728778
6.76412048867274 -1.71355577878348
11.3528542541431 4.53819812362175
-19.3440044859682 1.90670336062588
-6.64236886141932 -3.61617559009188
-0.346543433380685 -4.36347472482544
12.0245339987503 -3.07664542776681
1.14824808561372 -1.61515745247074
-5.85164945508673 -4.68982845349572
15.319038519985 -3.4259309408592
10.6683334381083 -3.73736695466032
16.2358240578343 -3.82655071590157
17.3872898655103 -3.52682396873455
12.4176651200502 -1.58167231619763
16.6346706113794 -2.87783445374832
3.57534782473014 -8.61627399765579
14.3814774496111 -3.02743693904843
-7.82670704770884 -6.22963158869574
15.2083691187905 -4.86902663335482
-18.3316960792418 0.18516071619414
1.75441953854002 3.72618258100106
-11.3606410518105 -18.1366647338744
11.8726738176341 -0.509328670718141
1.13550457008434 3.67477660746949
18.9089504610094 -4.10954558521043
3.397801861515 -7.99538626768595
14.6471840916798 0.00354266672120929
9.60398657577416 -4.4632891718465
13.2285086342833 -4.53555272436764
3.20484597571902 -8.77525162965607
-10.8265956846605 -17.2880731642685
6.33123062985065 -2.6556927432161
12.906309102307 2.16380580702888
16.385939221592 -4.29232751031208
1.65879971793601 3.60182917566274
16.7498690513699 -0.24021797106505
5.13355734479997 -6.3354626153789
16.7526021233954 -5.1941129954034
14.4219931498248 -5.26525020199656
-8.18802481031453 -7.03861817882626
17.4130611698364 -2.09005555633271
11.4596405822999 -4.06715021562099
14.6697810656806 -4.99864466673174
-6.75763371760746 -6.44172944149623
13.9365544314648 -3.53999211719055
16.3770712944838 -0.0511860997984428
10.989903380923 8.91811032230394
3.66822064182878 -8.08124057583881
-18.1184036446937 0.522953725105857
15.9404885131079 0.937115808348068
-8.62985811055179 -6.57688731360937
-5.38871627472944 -5.80349616619778
14.197061504084 -4.33802367394569
16.2673917675782 -5.88269065836294
7.34315509636581 -3.54795387261519
15.2028401977854 -4.29103284936256
-10.5772538117408 -17.7839037430398
0.135898481511198 18.1198074829545
10.4491800015668 2.19731414348063
17.5992539761045 -5.80501009158077
17.3728711819347 -4.61381557014326
14.7674037781779 -2.36164913000635
-17.8440174063788 0.154005605705798
9.29223440267581 5.91062590137313
15.5418330198575 -5.69677534442773
18.5987777196808 -5.49828917291028
17.6016140256498 -4.8671251285168
17.6534787073704 -2.87144985556612
18.3265149800701 -5.01337086640071
-5.53171671703574 -4.38514915054606
16.3097461956759 -2.74455852553826
-18.3392839023753 1.4177307091716
16.8857038228129 -3.53139212940043
13.6697396396867 -5.3742018801603
-6.1205877455691 -5.96788990264816
17.2099859120018 -2.68002836589901
11.6847460019277 -4.36223374272063
13.0080923801747 -5.23355875796659
6.50052688248269 -3.7936856157754
8.69894078322492 -1.6498530921826
10.1310546029228 -3.60165864693618
12.5862494456316 4.65854154440597
6.81114907040936 14.0005147754043
-18.0198747605129 1.18357835713562
9.77502830067018 3.88686861047004
2.54890323072105 18.2197192797448
13.9671049725919 4.13048509297961
7.77504689260068 6.1987038843327
-5.98775398546971 -4.52791395182219
16.8368142228246 -6.0825679307882
11.7052931719095 2.68876864541816
17.8591851384068 -5.26076847336878
16.8466074276458 -4.00119711169148
-7.42467342648548 -6.30319708065381
17.1043459456134 -4.48548309960659
17.9197894638948 -5.82021121255378
10.3476933220614 6.66580422618968
-6.66870424852039 -5.55993432209913
13.0401313719789 -5.46363538450109
-10.9264092218706 -17.6472428632748
1.41776574085142 13.0763743260188
-18.5823853821447 1.08311976397805
16.8273157967438 -0.6504753732601
7.98112316177896 -2.74177040995161
10.2057136876155 2.42904423764909
-16.5799897907797 1.77447962875322
13.0404534450471 -1.81285345319785
11.5818491154851 1.16410954055547
12.452310720161 -4.99829075028103
14.0377190379019 -1.79944147541334
15.5236968488331 -3.58369079093331
-18.0177458029431 0.773884127904555
-11.1922241314397 -17.6241209283689
3.00826517573604 -8.01821160422957
-0.650462020668783 -5.60977558431743
-2.96855415668103 -5.99423347804757
1.23763853741711 -6.85589812086766
0.778486339360352 -3.72485023082826
-10.7220629581706 -17.6688454139322
-5.11112022346307 -5.68633526403719
-10.5087359508073 -17.5855940748423
0.35956725282167 -4.37826370144839
-5.62725459779311 -5.09357160945145
-10.4494826945463 -17.4713727717877
13.4502550319676 0.0767349087463707
18.7115051131928 -2.9777048541414
13.6152374160879 -2.89994922795773
-6.35976748533651 -5.42435065847202
12.3725967259564 0.622260952534958
15.5326111762986 -0.978665100381637
15.3259922049022 -1.31463962470245
17.694045356996 -3.02614819186994
-7.32095316115361 -5.68321825180032
12.2455389005288 -3.81644180668855
18.6724687655468 -4.35959711065337
13.9528700708237 -0.00858511293944275
10.4137437757601 -2.90838453997002
-0.612727726186176 -4.78695713865945
1.46781178160734 -1.27701621342661
14.4606883183729 -1.35871177583087
1.77640591568233 4.01896228913538
13.7696723621283 -2.3260750678442
-11.1069166196541 -17.477524913278
14.8250321121228 -3.01782296697985
12.6517594716395 -1.31833345706721
-5.62503465913054 -5.77642201262375
9.85447663008405 -3.84843530794638
7.47179826733415 -2.90571288018206
3.57034591170468 -8.26513883894823
3.49559834789934 -7.59687179512931
-8.13647401336386 -6.4292122627587
-7.18940632861085 -4.53946855059865
15.1944981413932 -2.55571180079535
15.1980764277702 -0.646915283101652
16.9519544349157 -1.19531337253493
19.3304967971901 -4.64090064144841
11.8178467915343 2.226005827157
17.8542321277186 -3.87136436293572
0.686012133174231 -0.204063904436765
15.3198154985168 -2.38684543382646
13.7997698174137 -4.67113365856196
15.3419111666968 0.425003253222069
1.2199149940798 3.72653196261293
17.2699406324877 -4.95432868627482
15.94555343054 -4.05223932433379
17.9378346538265 -2.57663927174467
16.0268031855899 -5.64398902423782
17.8809168822158 -4.1806063676857
6.51648633086358 6.59034223335368
11.5511684713953 8.72204788709676
-17.4709603533784 0.893681662132408
1.20055064227464 3.48874807893701
8.89375996179997 -3.43289918275125
-8.60767328090097 -7.29798343873178
-17.2574168110145 0.733043852642577
-0.608267491841545 -5.30675668631004
2.49396964301639 -7.80760220210611
-11.2059504488995 -17.9707880056126
13.5833603706288 -1.17731867710971
-10.4778505992589 -18.1078164489922
3.16697486841822 -7.76145841149627
14.9738826386915 -1.79243547636781
13.2102632859476 -0.526242965667219
10.1794365284137 1.39555588744098
13.4752193340013 -0.947175179472055
-18.7678594377802 0.737498969300741
5.82883303580616 -5.25375656055223
13.8454541535052 -4.22043425083834
16.3112473837059 -4.80665454523508
10.1081619403706 1.75266827648805
13.5174809613844 -3.64959476507276
12.0957503588941 11.1044237377133
14.695475036078 -4.11082568918511
13.730766117445 -1.85303934695038
4.32657370342586 -7.31962693088087
12.041251774539 0.119700729787212
-0.872599295872728 -5.31469933570521
17.140583714847 -5.61063808507649
-17.4979107726663 0.264318361016752
-11.2841077566076 -17.1966353464549
14.6983427601208 -1.10831634185741
2.0053240117273 -8.40870791308408
12.5679067475267 -4.02340286699362
12.9274112569543 -3.57250421067693
13.2333924993409 -4.04563682643451
10.8575149732725 7.6217241438124
11.0000286667327 1.37585757105443
15.5612602125877 -3.15229620637021
19.0648156298274 -4.85097780417942
14.9575879249839 0.77455898015987
9.6541526404935 -3.24608997957998
12.5970943918848 -3.17378366594527
12.7450332879044 -2.90544676048583
