481 3
480 1
264 4
265 3
359 2
408 1
120 1
119 3
321 2
349 4
227 1
294 3
522 1
523 3
345 2
355 1
468 1
512 3
465 2
471 4
3 4
108 2
184 3
228 2
31 1
32 3
376 4
379 3
8 3
15 1
489 3
483 2
353 4
354 3
346 4
87 2
86 4
150 2
149 3
110 4
111 3
124 3
221 1
70 4
104 3
41 2
78 3
181 1
197 3
411 2
278 1
52 1
38 3
113 4
26 3
30 2
363 3
377 2
398 2
397 3
255 4
300 1
238 1
392 4
273 4
276 3
33 2
34 1
319 4
318 2
435 4
434 1
315 4
329 1
37 2
114 1
59 4
63 3
147 3
155 4
484 1
311 3
418 1
125 2
220 4
490 4
493 2
463 1
466 3
312 2
313 3
440 4
460 2
142 3
169 2
199 4
204 2
521 4
437 1
432 4
433 3
248 4
247 1
107 1
29 3
116 1
336 2
338 3
347 2
303 1
387 3
293 1
292 2
23 3
25 2
11 3
13 1
424 4
425 1
381 4
382 2
213 1
215 2
231 4
259 1
258 2
431 3
430 4
243 2
244 4
503 2
502 4
515 2
237 2
236 1
10 4
378 1
190 3
193 1
50 4
49 3
132 3
135 4
520 1
232 3
369 1
370 2
356 3
361 4
90 2
93 3
95 2
445 2
449 4
153 1
428 1
517 2
123 2
71 1
415 1
203 4
211 1
456 3
457 4
139 3
126 4
385 1
390 4
267 3
297 4
127 1
207 2
206 4
209 1
304 3
386 4
295 3
239 2
218 4
402 1
403 3
130 4
179 3
229 4
254 2
409 2
410 4
103 1
282 1
286 4
208 3
485 2
488 1
249 3
330 3
331 2
183 4
182 3
189 1
172 3
154 3
257 1
263 3
261 4
339 1
167 3
324 1
317 4
335 4
314 1
19 3
20 2
134 1
283 2
285 3
55 2
462 2
6 3
39 1
270 3
219 2
266 1
48 4
180 2
482 1
121 2
426 2
188 4
191 1
394 3
412 2
195 4
198 1
109 1
475 1
477 4
436 3
452 2
289 4
177 2
268 2
301 2
365 2
373 4
400 1
467 2
53 4
40 3
362 1
253 3
91 4
88 1
99 2
97 1
474 2
16 2
122 4
446 1
341 3
340 2
287 4
288 3
472 1
473 4
51 3
66 2
478 3
158 3
162 2
171 1
174 4
316 2
328 3
423 2
187 2
67 1
68 4
506 2
173 2
137 1
146 2
192 2
240 1
242 3
419 4
455 2
170 4
510 2
194 2
133 4
178 1
454 1
118 1
469 4
479 2
163 3
164 2
513 4
230 2
299 4
205 3
375 3
499 2
491 1
136 2
54 3
74 2
102 4
202 3
46 1
57 4
128 2
105 2
380 1
196 2
498 3
500 4
451 4
277 2
214 3
82 3
94 4
152 4
444 3
406 1
7 2
429 3
80 4
79 2
47 2
447 2
291 2
438 3
85 3
233 2
421 3
246 3
350 3
351 2
344 4
343 2
443 2
442 4
83 2
21 4
514 4
309 2
333 4
327 2
505 4
504 3
148 2
280 1
157 1
384 2
138 4
69 2
45 3
73 1
507 1
508 3
201 2
260 2
420 1
322 3
18 4
235 3
9 1
60 3
393 1
212 3
216 1
274 3
160 3
145 1
487 4
112 2
281 2
144 3
388 2
389 1
77 4
76 1
367 3
366 4
250 4
156 2
117 4
364 1
222 3
323 2
210 3
305 2
269 1
166 4
44 2
84 1
326 1
28 2
129 1
458 3
89 3
461 3
459 1
5 2
42 4
497 1
275 2
298 1
414 1
284 1
495 3
496 4
492 3
176 1
413 4
448 3
14 4
342 4
143 4
306 1
399 4
519 1
56 1
439 1
165 1
168 1
307 2
92 1
358 1
96 4
141 1
325 3
501 1
334 2
224 2
225 4
427 3
17 1
245 2
368 4
441 2
140 2
391 3
271 1
27 1
509 3
422 1
4 1
35 4
251 3
58 2
371 1
372 3
450 2
64 1
185 2
352 1
81 2
106 1
22 2
332 1
290 1
2 3
115 1
36 1
516 2
401 4
24 1
161 4
296 2
262 1
383 4
43 1
175 3
404 4
348 1
1 4
234 1
417 1
217 2
61 2
453 1
226 3
416 4
272 2
256 3
151 1
62 1
405 3
464 4
476 2
186 3
12 4
470 1
308 1
310 1
241 2
279 2
302 3
200 3
374 1
407 3
337 1
72 2
131 1
100 1
360 3
396 2
75 3
223 1
357 2
65 4
98 3
511 1
486 1
494 1
518 4
159 1
395 4
320 3
252 4
101 2
