481 480
264 265
359 408
120 119
321 349
227 294
522 523
345 355
468 512
465 471
3 108
184 228
31 32
376 379
8 15
489 483
353 354
346 354
87 86
150 149
110 111
124 221
70 104
41 78
181 197
379 411
264 278
8 52
38 113
26 30
363 377
398 397
346 345
255 300
238 392
273 276
33 34
319 318
435 434
315 329
37 114
59 63
147 155
484 483
311 418
125 220
490 493
463 466
312 313
440 460
142 169
199 204
521 523
435 437
432 433
248 247
111 107
29 116
336 338
347 354
303 387
293 292
23 25
11 13
424 425
381 382
213 215
231 522
259 258
431 430
243 244
503 502
432 515
237 236
10 11
378 411
190 193
50 49
132 135
520 232
369 370
356 361
70 90
93 95
445 449
153 155
428 517
221 123
71 104
346 415
203 211
456 457
139 126
385 390
267 297
127 207
206 209
304 386
231 295
239 247
209 218
402 403
130 179
228 229
247 254
409 410
86 103
282 286
206 208
485 488
249 236
330 331
183 227
182 189
169 172
154 155
257 263
258 261
338 339
10 167
324 317
336 335
313 314
19 20
134 135
283 285
237 392
55 50
462 512
6 15
39 38
292 270
218 219
265 266
48 104
182 293
180 181
482 481
121 120
425 426
126 208
32 33
297 295
188 191
394 412
195 198
109 110
475 477
436 452
278 289
11 177
267 268
247 301
365 373
400 397
466 467
52 53
41 40
362 363
253 300
91 88
99 97
474 477
16 122
446 445
341 340
287 288
472 473
51 66
473 478
20 120
158 162
171 174
316 328
423 424
339 340
187 188
67 68
502 506
353 359
172 173
137 146
192 213
240 242
419 455
124 170
510 512
194 198
133 178
454 455
455 456
437 515
23 118
469 479
345 354
163 164
510 513
230 522
259 299
205 204
52 51
376 375
499 480
489 491
237 400
293 270
136 137
53 54
74 102
202 211
46 57
128 205
230 229
70 105
380 379
181 196
498 500
132 133
452 451
410 411
273 277
214 215
82 103
319 324
94 95
152 154
444 419
268 270
359 406
7 8
428 429
490 491
80 79
47 48
172 177
254 300
230 270
447 449
288 291
248 237
438 437
312 311
99 85
233 232
424 426
421 447
240 246
254 246
468 467
350 351
232 522
344 362
190 195
20 109
361 377
347 353
328 331
338 343
443 442
83 86
183 187
21 119
230 293
418 514
309 333
327 344
248 249
505 504
148 147
264 280
154 157
375 384
137 138
381 411
70 69
45 73
507 508
201 203
260 261
445 420
322 347
18 121
456 514
247 253
398 235
328 336
9 60
421 446
382 393
212 216
274 292
160 145
487 504
149 152
216 219
26 112
456 477
167 173
346 347
83 85
86 82
257 281
145 144
485 487
388 389
77 76
367 366
327 328
235 250
155 156
26 117
343 364
215 222
323 415
423 433
257 258
206 210
322 415
157 158
305 304
269 270
166 167
204 210
44 57
134 136
33 84
326 327
28 117
130 129
458 463
170 169
236 250
89 91
461 459
218 216
5 42
497 498
351 353
26 110
219 222
482 499
425 432
304 472
275 276
297 298
394 414
284 255
195 194
497 495
260 267
436 437
44 45
496 492
11 176
406 413
193 201
247 246
448 452
133 150
129 197
13 14
342 365
143 169
333 306
68 105
400 399
420 444
52 54
517 519
50 56
136 147
91 93
198 199
439 430
258 299
460 430
163 165
268 295
164 168
373 384
51 55
307 478
92 93
353 358
423 436
96 95
139 141
323 325
502 501
366 365
164 144
335 334
224 225
426 427
380 382
481 499
17 18
171 172
172 174
74 76
240 245
429 430
419 454
44 54
430 484
112 113
335 340
469 481
427 517
120 225
368 305
437 452
87 96
438 441
137 140
239 391
441 459
126 141
146 145
6 5
268 271
376 380
304 370
17 121
293 294
87 88
271 274
27 30
231 269
500 509
422 448
4 42
243 390
35 82
444 443
251 298
380 375
336 339
26 27
141 125
311 314
132 134
63 58
371 372
448 450
64 66
238 237
185 188
352 353
513 481
315 330
80 81
9 166
410 412
311 514
105 106
83 84
138 139
230 294
426 519
22 23
332 333
208 209
288 290
37 38
111 112
340 342
8 58
312 314
314 316
261 267
2 115
36 37
442 458
259 261
425 516
432 516
153 147
402 401
69 68
190 191
20 24
450 451
161 145
189 195
251 296
356 362
35 83
45 74
138 127
425 433
232 231
263 262
262 265
144 168
322 346
21 23
245 246
7 6
119 225
385 383
54 43
334 368
70 71
493 492
146 160
175 174
322 349
484 510
394 404
348 347
135 136
70 92
1 109
234 401
495 503
184 185
274 275
216 222
21 20
277 276
235 234
234 251
149 148
456 475
409 378
323 417
322 417
257 286
212 217
66 67
1 16
61 8
197 198
350 352
427 428
367 369
444 453
140 144
182 181
169 168
483 491
44 77
317 327
225 226
323 416
258 262
55 56
372 385
408 410
454 457
272 273
324 325
256 257
155 160
439 440
26 118
339 342
482 513
283 282
2 4
3 40
130 132
275 290
133 136
6 53
370 386
39 81
140 141
60 59
151 149
26 25
219 220
313 317
434 515
62 59
406 405
193 199
180 129
464 476
90 92
117 116
196 195
193 202
186 188
12 13
286 281
228 523
168 173
12 176
50 67
253 301
27 29
121 225
62 63
317 326
325 416
194 199
326 416
446 447
35 114
287 291
469 470
459 458
454 458
490 492
171 175
423 435
474 478
354 358
349 350
506 508
251 301
371 365
316 329
150 151
438 439
308 333
192 211
345 344
30 29
89 102
310 315
84 85
309 514
386 303
368 367
325 326
306 478
192 212
281 280
471 479
430 461
126 125
442 453
231 230
384 385
468 513
306 305
241 242
310 309
364 376
458 457
499 498
279 289
17 122
79 103
44 78
255 283
250 301
175 176
58 51
422 447
243 302
264 277
88 102
10 177
132 129
260 298
63 64
250 251
429 517
244 302
156 157
422 436
199 200
374 375
407 406
359 407
336 337
436 435
72 71
319 417
23 24
334 366
442 459
493 496
105 104
33 113
266 277
183 184
432 434
129 205
42 78
131 133
16 175
22 119
480 500
488 490
141 170
99 100
261 265
177 176
43 42
254 255
33 114
308 456
404 405
350 348
211 217
344 363
361 360
394 396
451 453
381 393
45 72
128 138
174 176
183 186
75 74
322 348
21 24
148 178
344 356
190 192
203 204
431 439
125 170
40 79
73 89
328 335
479 509
127 139
45 46
246 255
93 94
184 191
201 200
309 332
327 337
207 126
9 61
135 128
2 14
501 508
107 113
296 231
202 201
273 275
66 50
223 119
495 502
197 196
217 218
211 210
309 330
221 226
179 275
357 358
131 179
40 76
396 397
81 82
262 261
337 344
18 20
253 259
62 65
47 49
496 495
78 77
425 427
338 344
98 97
431 516
140 145
73 102
123 171
475 473
289 288
480 509
151 152
131 150
313 318
482 492
443 453
462 511
32 34
486 487
457 476
170 123
236 235
89 71
494 503
455 457
360 408
296 298
123 175
60 62
48 105
36 81
122 226
487 494
47 56
45 76
193 192
186 187
341 366
143 168
472 471
188 190
391 392
449 450
404 403
496 498
506 501
342 364
164 167
51 50
263 281
68 106
307 477
242 244
87 97
36 38
96 97
241 385
460 461
518 517
220 221
35 81
129 199
342 343
366 371
386 385
486 505
30 32
468 481
187 189
129 135
506 507
366 369
108 111
380 381
80 82
389 390
387 388
512 513
307 333
364 373
335 339
56 49
321 350
439 515
441 442
520 521
3 115
310 330
364 375
428 430
41 42
471 470
370 371
256 286
363 376
493 494
418 419
384 383
377 378
465 475
306 368
236 399
152 153
1 2
108 107
256 255
484 489
125 124
463 467
250 234
410 393
86 98
227 228
202 203
178 147
156 159
498 502
238 239
233 401
321 417
379 381
59 58
256 283
229 523
9 167
193 200
441 453
156 158
183 182
319 323
37 113
131 132
20 110
488 489
314 315
233 234
491 492
12 16
162 165
485 505
280 287
395 400
10 15
361 378
115 108
189 196
394 400
54 55
192 202
338 342
142 143
462 463
174 177
75 79
183 185
210 209
445 444
165 166
484 513
139 140
53 43
334 341
273 266
246 284
209 220
159 158
75 102
184 188
200 204
197 199
217 216
428 516
160 161
466 470
41 77
420 419
135 137
382 391
334 367
145 163
396 404
485 486
183 293
182 187
256 258
83 82
267 298
258 263
145 164
1 19
396 402
262 264
140 143
296 297
40 39
317 328
33 35
422 452
28 116
98 99
236 398
29 34
109 111
355 356
88 96
470 479
289 276
204 206
155 159
72 89
430 516
222 224
122 121
133 148
268 297
118 117
429 505
69 92
39 80
235 401
296 295
123 226
278 276
382 392
341 342
133 149
188 189
289 290
441 440
212 215
496 499
267 272
354 355
412 414
373 375
327 416
242 245
168 167
151 154
241 391
460 459
511 510
3 38
194 193
472 478
320 417
459 462
92 94
63 65
486 504
308 307
241 383
222 221
308 477
320 321
349 348
112 107
469 480
60 61
5 14
17 16
463 476
80 103
389 302
387 385
305 472
321 322
423 422
271 272
242 390
30 34
482 496
124 123
465 472
184 227
16 19
504 503
502 507
52 55
376 378
499 500
489 490
237 399
87 98
271 292
418 456
465 473
500 501
397 401
128 127
476 475
306 334
31 30
244 284
268 269
31 112
432 431
279 288
256 299
386 387
26 31
303 302
44 43
398 401
496 497
185 186
252 301
141 142
311 310
303 388
357 360
214 223
448 449
142 170
377 376
32 113
64 65
238 248
435 515
447 448
233 402
131 130
407 413
7 53
438 452
213 212
38 81
133 134
11 14
2 108
421 420
441 451
440 459
103 102
259 260
461 511
243 242
379 378
190 194
438 451
161 163
189 190
394 395
49 68
251 252
356 357
443 454
493 495
464 465
75 76
395 396
69 106
318 317
191 192
265 277
361 409
154 156
450 453
213 214
161 162
14 15
49 105
396 403
4 14
240 239
200 203
153 154
308 514
183 294
318 324
10 9
245 284
344 343
378 410
234 296
252 298
207 208
331 332
87 103
54 56
304 303
358 360
494 495
372 373
93 88
75 103
239 248
426 518
160 162
309 308
466 471
182 196
467 512
21 22
277 278
9 8
2 13
86 85
107 38
252 260
382 383
372 386
413 412
209 219
6 43
423 434
497 502
3 4
373 385
388 302
249 250
367 305
216 215
10 173
253 252
85 100
343 363
313 316
65 67
433 434
47 57
223 222
24 25
305 369
109 108
337 338
5 43
467 470
140 142
10 172
416 415
48 49
110 112
180 179
518 519
2 3
130 180
464 475
170 171
113 114
370 372
89 90
39 79
345 415
494 504
284 283
168 172
305 478
351 352
19 109
45 77
222 225
329 331
365 372
52 58
310 514
317 325
446 449
143 144
164 166
4 40
327 415
229 294
362 361
483 492
429 485
468 469
1 13
164 165
17 19
240 241
430 510
276 290
404 414
205 206
129 128
458 476
335 341
344 415
427 518
208 220
5 15
229 522
463 512
316 317
438 440
25 118
227 229
430 485
22 118
205 127
101 100
408 412
179 181
31 113
407 412
359 360
427 516
208 125
56 57
71 90
27 28
397 402
243 389
70 106
315 316
256 300
398 399
261 266
399 397
137 147
76 79
418 455
58 64
28 29
374 384
394 410
264 279
7 15
8 59
147 146
311 315
463 465
375 382
47 46
411 393
498 501
46 104
64 51
422 421
199 205
332 335
21 120
7 52
438 515
488 493
463 464
11 15
421 445
442 454
485 489
138 140
352 359
521 522
405 414
210 217
280 279
461 510
211 212
232 521
394 393
5 4
488 487
375 383
12 175
233 520
443 419
43 78
35 84
465 466
363 364
244 245
263 264
152 148
395 397
61 59
269 295
18 120
237 249
148 153
46 48
36 35
369 304
252 259
159 160
128 137
232 296
210 218
358 359
332 334
348 351
87 102
46 72
127 126
307 306
413 405
383 391
290 291
41 76
272 266
247 249
254 253
203 210
357 361
328 337
331 335
385 388
282 281
27 117
273 274
162 163
365 364
485 484
159 162
413 414
330 332
221 225
272 274
169 171
234 232
300 299
155 146
456 476
65 66
215 223
206 207
223 224
462 458
388 390
408 407
239 246
355 357
330 329
467 469
18 19
483 482
324 323
85 101
424 433
3 39
341 365
24 110
431 515
360 409
88 95
480 479
72 73
219 221
45 57
323 322
13 16
304 471
12 11
1 108
37 35
90 91
284 285
269 230
477 478
122 175
182 292
487 493
249 301
345 356
278 279
283 286
54 57
320 319
329 328
333 334
373 374
263 280
89 88
461 462
240 391
393 392
196 198
253 299
136 178
91 92
72 104
122 123
121 226
439 460
220 124
474 475
267 271
448 451
287 279
4 41
408 409
362 377
483 513
449 444
238 391
241 390
180 197
354 357
511 512
3 107
74 73
285 282
224 119
450 444
348 353
86 99
271 270
25 110
474 473
267 266
205 207
67 49
366 370
